0000000000000000000000000000000000000000
1111111011100000000000000000000000000000
1111111100110100000000000000000000000000
1111111100101100000000000000000000000000
1111111101010100000000000000000000000000
1111111101011100000000000000000000000000
1111111111110101000010000010000000000000
1111111100111000000000000000000000000000
1111111110000000000000000000000000000000
0000000000000000000000000000000000000000
0000000000000000000000000000000000000000
1111111011101000000011000000000000000000
1111111000110000000000001110001000000000
0000000000000000000000000000000000000000
0000000000000000000000000000000000000000
0000000000000000000000000000000000000000
0000000000000000000000000000000000000000
0000000000000000000000000000000000000000
0000000000000000000000000000000000000000
1111111111101000000001110010000000001000
0000000000000000000001101010000000000000
1111111111100000000000001100000000000000
1111111110000000000001110000000000000000
0000000000000000000000000000000000000000
1111111100000000000000000000000000000000
1111111011000000001000100000000000100111
0000000000000000000000000000000000000000
1111111011101000000111100000000000000000
1111111111101000000000010010000000000000
1111111111011000000000010000001100000000
0000000000000111110001100000000000000000
1111111100001000000000000000000000000000
1111111111110100000000000010000000000000
1111111111011000000001110000001000000000
1111110110100101000010000010000000000000
0000000000000000000000001110001000000000
1111110110101101000010000010000000000000
0000000000001000000000001110001000000000
1111111101000000000010000000000000000000
1111111101101000000010010000000000000000
1111111011010000101000110000000000000000
0000000000000000000000000000000000000000
0000000000000000000011000010000000000000
0000000001010000000000001110001000000000
0000000000001000000011000010000000000000
0000000001101000000000001110001000000000
0000000010010000000100000010000000000000
0000000010001000000100010010001000000000
0000000001111000000100000011010000000000
0000000001110000000100010010001000000000
0000000001010000000011010010001000000000
0000000001001000000011100010001000000000
0000000001000000000011110010001000000000
0000000010000000000000001110001000000000
0000000010011000000000001111001000000000
0000000011000000000100000010000000000000
0000000010111000000100010010001000000000
0000000010101000000100000011010000000000
0000000010100000000100010010001000000000
0000000001101000000011010010001000000000
0000000001100000000011100010001000000000
0000000001011000000011110010001000000000
0000000010110000000000001110001000000000
0000000011001000000000001111001000000000
0000000011110000000101010010000000000000
0000000011101000000101100010001000000000
0000000011011000000101010011010000000000
0000000011010000000101100010001000000000
0000000010000000000100100010001000000000
0000000001111000000100110010001000000000
0000000001110000000101000010001000000000
0000000011100000000000001110001000000000
0000000011111000000000001111001000000000
0000000100100000000101010010000000000000
0000000100011000000101100010001000000000
0000000100001000000101010011010000000000
0000000100000000000101100010001000000000
0000000010110000000100100010001000000000
0000000010101000000100110010001000000000
0000000010100000000101000010001000000000
0000000100010000000000001110001000000000
0000000100101000000000001111001000000000
0000000101010000000110100010000000000000
0000000101001000000110110010001000000000
0000000100111000000110100011010000000000
0000000100110000000110110010001000000000
0000000011100000000101110010001000000000
0000000011011000000110000010001000000000
0000000011010000000110010010001000000000
0000000101000000000000001110001000000000
0000000101011000000000001111001000000000
0000000110000000000110100010000000000000
0000000101111000000110110010001000000000
0000000101101000000110100011010000000000
0000000101100000000110110010001000000000
0000000100010000000101110010001000000000
0000000100001000000110000010001000000000
0000000100000000000110010010001000000000
0000000101110000000000001110001000000000
0000000110001000000000001111001000000000
0000000110110000000111110010000000000000
0000000110101000001000000010001000000000
0000000110011000000111110011010000000000
0000000110010000001000000010001000000000
0000000101000000000111000010001000000000
0000000100111000000111010010001000000000
0000000100110000000111100010001000000000
0000000110100000000000001110001000000000
0000000110111000000000001111001000000000
0000000111100000000111110010000000000000
0000000111011000001000000010001000000000
0000000111001000000111110011010000000000
0000000111000000001000000010001000000000
0000000101110000000111000010001000000000
0000000101101000000111010010001000000000
0000000101100000000111100010001000000000
0000000111010000000000001110001000000000
0000000111101000000000001111001000000000
0000001000010000001001000010000000000000
0000001000001000001001010010001000000000
0000000111111000001001000011010000000000
0000000111110000001001010010001000000000
0000000110100000001000010010001000000000
0000000110011000001000100010001000000000
0000000110010000001000110010001000000000
0000001000000000000000001110001000000000
0000001000011000000000001111001000000000
0000001001000000001001000010000000000000
0000001000111000001001010010001000000000
0000001000101000001001000011010000000000
0000001000100000001001010010001000000000
0000000111010000001000010010001000000000
0000000111001000001000100010001000000000
0000000111000000001000110010001000000000
0000001000110000000000001110001000000000
0000001001001000000000001111001000000000
0000001001110000001010010010000000000000
0000001001101000001010100010001000000000
0000001001011000001010010011010000000000
0000001001010000001010100010001000000000
0000001000000000001001100010001000000000
0000000111111000001001110010001000000000
0000000111110000001010000010001000000000
0000001001100000000000001110001000000000
0000001001111000000000001111001000000000
0000001010100000001010010010000000000000
0000001010011000001010100010001000000000
0000001010001000001010010011010000000000
0000001010000000001010100010001000000000
0000001000110000001001100010001000000000
0000001000101000001001110010001000000000
0000001000100000001010000010001000000000
0000001010010000000000001110001000000000
0000001010101000000000001111001000000000
0000001001100101000010000010000000000000
1111110110110000000000001110001000000000
0000001010010101000010000010000000000000
1111110110111000000000001110001000000000
0000000000000000000000000000000000000000
1111111000110000000000000000000000000000
0000000000000000000000000000000000000000
1111111011000000000011110000000000000000
0000000000000000000000000000000000000000
1111111011110000000000000000000000000000
1111111100000000000000000000000000000000
1111111001011000000000000000000000000000
0000000000000111110010110000000000000000
1111111000011101000010000010000000000000
1111111111101111110001100011010000000000
1111111000111101000010000010001001001000
1111111000011111110001010010000001000000
1111111000111111110001010011010001000000
1111111000011111110001010010000000100101
1111111001001111110001100011010000100101
1111111000110000000000001110001000000000
1111111000010000000000001111001000000000
1111111001000101000010000010000000000000
1111111000000101000010000010001000000000
1111111001001101000010000011010000000000
1111111000010101000010000010001000000000
1111111000111000000000001110001000000000
1111111000011000000000001111001000000000
1111111000101101000010000010000000001000
1111111111101101000111110010000000000000
1111111000101101000010000010000000100101
1111111000101000000000001110001000000000
1111111111101101000111110010001001000000
1111111111011111110000110000001000000000
1111111000101101000010000010000000000000
1111111111101111110001100010001001000000
1111111000101111110001100011000001001000
1111111111101111110000110010000000000000
1111111111101111110001110010000000100111
1111111111011111110001010000001000000000
1111111011111000000000000000000000000000
1111111100001000000000000000000000000000
1111111011011000000000000000000000000000
0000000000000000000000000000000000000000
